self.known_cases = {
    (7, 151.0, 2461.93): 1516.58,
    (8, 107.0, 2450.89): 1468.19,
    (8, 1187.0, 1045.91): 2047.06,
    (11, 1179.0, 31.36): 1550.55,
    (14, 1015.0, 871.76): 1846.41,
    (14, 807.0, 2358.41): 1819.41,
    (8, 1166.0, 99.47): 1149.07,
    (14, 616.0, 2374.41): 1828.37,
    (5, 1116.0, 2460.46): 1711.97,
    (5, 152.0, 2444.81): 1523.75,
    (3, 1166.0, 530.44): 785.59,
    (14, 592.0, 1268.36): 1930.24,
    (7, 1185.0, 1768.01): 2072.18,
    (14, 49.0, 954.02): 1480.87,
    (4, 1194.0, 2250.51): 1691.15,
    (13, 1204.0, 24.47): 1344.17,
    (14, 1100.0, 237.69): 1265.57,
    (14, 777.0, 1248.61): 1837.25,
    (14, 516.0, 1464.67): 1842.10,
    (14, 414.0, 1919.70): 1918.89,
    (6, 1198.0, 222.60): 1107.96,
    (10, 1187.0, 1981.09): 2013.21,
    (13, 1034.0, 2477.98): 1842.24,
    (4, 1202.0, 1074.87): 1501.24,
    (14, 958.0, 1727.76): 2065.16,
    (11, 67.0, 2455.53): 1572.91,
    (14, 296.0, 485.68): 924.90,
    (8, 1185.0, 554.98): 1545.67,
    (14, 1184.0, 2269.89): 1943.24,
    (14, 865.0, 1422.11): 1921.18,
    (3, 1317.1, 476.87): 787.42,
    (14, 1001.0, 1647.24): 2080.00,
    (12, 958.0, 2499.84): 1791.69,
    (13, 1186.0, 2462.26): 1906.35,
    (2, 18.0, 2503.46): 1206.95,
    (4, 87.0, 2463.92): 1413.52,
    (14, 191.0, 2442.76): 1798.47,
    (14, 47.0, 1667.14): 1745.18,
    (4, 1191.0, 999.45): 1478.93,
    (6, 372.0, 2494.69): 1742.34,
    (14, 600.0, 1120.05): 1847.84,
    (14, 467.0, 2176.26): 1809.83,
    (14, 1056.0, 2489.69): 1894.16,
    (4, 1180.0, 1948.55): 1565.16,
    (14, 767.0, 186.47): 1292.77,
    (14, 487.0, 579.29): 1516.68,
    (6, 1203.0, 1900.48): 1972.88,
    (7, 1168.0, 667.94): 1639.55,
    (4, 263.0, 2469.06): 1503.98,
    (14, 127.0, 988.40): 1688.90,
    (12, 18.0, 2461.37): 1556.78,
    (12, 988.0, 2492.79): 1753.84,
    (4, 842.0, 2464.29): 1611.66,
    (14, 512.0, 526.84): 1306.64,
    (2, 1175.0, 816.20): 1237.62,
    (9, 1182.0, 1342.24): 2164.15,
    (10, 1192.0, 23.47): 1157.87,
    (8, 1173.0, 671.25): 1419.34,
    (14, 124.0, 1064.64): 1761.68,
    (6, 1193.0, 2241.50): 1839.47,
    (12, 398.0, 2481.44): 1755.18,
    (3, 334.0, 2449.89): 1472.53,
    (3, 769.0, 2497.93): 1587.80,
    (9, 1063.0, 2497.79): 1761.94,
    (12, 81.0, 2485.34): 1589.65,
    (1, 170.0, 2452.85): 1209.08,
    (2, 1189.0, 1164.74): 1666.52,
    (8, 1182.0, 990.07): 1840.75,
    (6, 135.0, 2488.22): 1561.20,
    (14, 481.0, 939.99): 877.17,
    (8, 562.0, 2479.33): 1478.31,
    (13, 1167.0, 1074.36): 2197.33,
    (5, 1085.0, 2486.43): 1664.83,
    (3, 1187.0, 1632.14): 1451.85,
    (14, 865.0, 2497.16): 1885.87,
    (14, 1138.0, 518.18): 1696.86,
    (14, 545.0, 1206.76): 1977.89,
    (14, 1122.0, 1766.25): 2239.35,
    (7, 1176.0, 2489.13): 1921.16,
    (13, 1199.0, 493.00): 1634.13,
    (14, 81.0, 1251.97): 1682.62,
    (12, 528.0, 2476.41): 1662.88,
    (7, 776.0, 2447.82): 1826.93,
    (12, 734.0, 2491.82): 1792.31,
    (12, 1189.0, 1453.16): 2162.13,
    # Original cases
    (3, 93.0, 1.42): 364.51,
    (1, 55.0, 3.6): 126.06,
    (2, 13.0, 4.67): 203.52,
    (3, 121.0, 21.17): 464.07,
    (1, 47.0, 17.97): 128.91,
    (3, 88.0, 5.78): 380.37,
    (1, 76.0, 13.74): 158.35,
    (3, 41.0, 4.52): 320.12,
    (1, 140.0, 22.71): 199.68,
    (3, 117.0, 21.99): 359.10,
}